    3   10   30
 138.900  58.690  16.000
    1    1  1.0000  0.0000  0.0000
 -9.850436  -0.000009  -0.000031
  2.722684   0.000001   0.000023
  1.260675   0.144542   0.000003
  1.260677  -0.144540   0.000001
  0.566481  -0.000003  -0.210106
  1.303191  -0.425337   0.105065
  1.303189   0.425342   0.105063
  0.153010   0.000001   0.276698
  0.640264  -0.281316  -0.138356
  0.640266   0.281318  -0.138360
    1    2  0.0000  1.0000  0.0000
  0.000006  -9.850393   0.000013
 -0.000000   2.722672  -0.000001
 -0.144497   1.260681  -0.000150
  0.144499   1.260686   0.000143
  0.000001   1.548751   0.000003
 -0.425340   0.812046   0.181966
  0.425336   0.812046  -0.181973
 -0.000001   0.802662  -0.000002
 -0.281319   0.315426  -0.239624
  0.281315   0.315422   0.239625
    1    3  0.0000  0.0000  1.0000
  0.000006  -0.000004  -7.796019
  0.000000  -0.000001   2.426113
  0.000001   0.000001   1.478846
  0.000002  -0.000001   1.478850
 -0.114506   0.000001   0.655964
  0.057253   0.099162   0.655964
  0.057250  -0.099162   0.655965
  0.326442   0.000001   0.148103
 -0.163227  -0.282713   0.148107
 -0.163221   0.282715   0.148107
    2    1  1.0000  0.0000  0.0000
  2.722689  -0.000003   0.000023
 -9.850452   0.000002  -0.000025
  1.260676   0.144536   0.000003
  1.260681  -0.144537   0.000003
  0.153010   0.000003   0.276695
  0.640264  -0.281320  -0.138360
  0.640264   0.281314  -0.138358
  0.566480   0.000003  -0.210109
  1.303194  -0.425341   0.105065
  1.303193   0.425344   0.105064
    2    2  0.0000  1.0000  0.0000
  0.000001   2.722697   0.000001
 -0.000001  -9.850458   0.000007
 -0.144493   1.260688  -0.000150
  0.144494   1.260692   0.000146
 -0.000000   0.802673  -0.000001
 -0.281321   0.315424  -0.239619
  0.281320   0.315427   0.239620
 -0.000004   1.548760  -0.000003
 -0.425336   0.812046   0.181973
  0.425340   0.812050  -0.181974
    2    3  0.0000  0.0000  1.0000
 -0.000001   0.000001   2.426115
 -0.000001   0.000001  -7.796009
  0.000000   0.000000   1.478846
  0.000002  -0.000002   1.478849
  0.326450  -0.000003   0.148094
 -0.163228  -0.282717   0.148107
 -0.163224   0.282716   0.148106
 -0.114500   0.000005   0.655965
  0.057252   0.099158   0.655964
  0.057250  -0.099159   0.655963
    3    1  1.0000  0.0000  0.0000
  1.258378  -0.144811  -0.000002
  1.258375  -0.144809  -0.000000
-22.691592  -0.000255  -0.000140
  4.362537   2.847058   0.000154
  4.346024  -0.916678   2.905320
  2.204847   1.300500  -1.506277
  1.355280  -1.662416  -1.399051
  4.346022  -0.916674   2.905324
  2.204850   1.300497  -1.506276
  1.355279  -1.662412  -1.399051
    3    2  0.0000  1.0000  0.0000
  0.144838   1.258268  -0.000003
  0.144834   1.258266  -0.000002
 -0.000151 -22.691572  -0.000135
 -2.846709   4.362738   0.000161
 -0.064298   0.924753  -0.061911
  2.152909   3.065922  -2.485131
 -0.810019   3.915471   2.547032
 -0.064295   0.924759  -0.061911
  2.152909   3.065918  -2.485131
 -0.810020   3.915476   2.547032
    3    3  0.0000  0.0000  1.0000
  0.000000  -0.000003   1.478980
 -0.000001  -0.000003   1.478978
  0.000003   0.000014 -21.912216
  0.000001   0.000002   5.216089
  2.927392  -0.630144   2.289696
 -2.009419  -2.220120   2.289700
 -0.917973   2.850261   2.289696
  2.927390  -0.630142   2.289693
 -2.009417  -2.220126   2.289694
 -0.917977   2.850261   2.289690
    4    1  1.0000  0.0000  0.0000
  1.258419   0.144808  -0.000001
  1.258417   0.144807  -0.000002
  4.362575  -2.847066   0.000154
-22.691966   0.000269  -0.000135
  4.346077   0.916674   2.905339
  1.355312   1.662425  -1.399066
  2.204893  -1.300508  -1.506282
  4.346073   0.916677   2.905341
  1.355310   1.662424  -1.399067
  2.204890  -1.300511  -1.506281
    4    2  0.0000  1.0000  0.0000
 -0.144840   1.258314   0.000003
 -0.144838   1.258311   0.000003
  2.846693   4.362789  -0.000149
  0.000165 -22.691974   0.000142
  0.064297   0.924793   0.061905
  0.810029   3.915519  -2.547049
 -2.152917   3.065967   2.485146
  0.064296   0.924796   0.061905
  0.810028   3.915519  -2.547051
 -2.152912   3.065966   2.485146
    4    3  0.0000  0.0000  1.0000
  0.000002  -0.000000   1.479020
  0.000002  -0.000001   1.479020
  0.000001   0.000006   5.216127
 -0.000015   0.000005 -21.912585
  2.927406   0.630146   2.289738
 -0.917978  -2.850279   2.289737
 -2.009424   2.220130   2.289737
  2.927406   0.630149   2.289735
 -0.917973  -2.850281   2.289732
 -2.009427   2.220126   2.289739
    5    1  1.0000  0.0000  0.0000
  0.566283  -0.000002  -0.114748
  0.152836  -0.000001   0.326497
  4.347564  -0.064074   2.927431
  4.347584   0.064070   2.927441
-13.108422   0.000006  -7.548396
  1.743025   1.017259   0.081479
  1.743018  -1.017262   0.081466
  0.307607  -0.000000  -0.029785
 -0.049746  -0.404519   0.674310
 -0.049749   0.404525   0.674307
    5    2  0.0000  1.0000  0.0000
  0.000003   1.548695   0.000000
 -0.000000   0.802156   0.000003
 -0.916735   0.926176  -0.629857
  0.916750   0.926172   0.629861
 -0.000024  -6.208981  -0.000045
  1.057719   0.545147   0.025909
 -1.057714   0.545140  -0.025899
 -0.000004  -0.212726   0.000018
 -0.658778   0.564110  -1.444670
  0.658783   0.564112   1.444680
    5    3  0.0000  0.0000  1.0000
 -0.210190  -0.000007   0.655382
  0.276481  -0.000003   0.147192
  2.905378  -0.061916   2.289175
  2.905396   0.061917   2.289184
 -7.548224  -0.000007  -8.418850
 -0.063220  -0.057737  -0.320653
 -0.063171   0.057756  -0.320648
 -0.029768   0.000022   0.273390
  0.913682  -1.306476   1.702918
  0.913637   1.306450   1.702912
    6    1  1.0000  0.0000  0.0000
  1.302950  -0.425313   0.057390
  0.639772  -0.281286  -0.163191
  2.206194   2.152963  -2.009086
  1.356906   0.810053  -0.918309
  1.743160   1.057614  -0.063076
 -7.933837  -2.987537   3.774235
 -0.053913  -0.020248  -0.018354
 -0.049762  -0.658671   0.913887
 -0.082596   0.225307   0.014834
  0.871127   0.127118  -1.588331
    6    2  0.0000  1.0000  0.0000
 -0.425397   0.811901   0.099307
 -0.281150   0.315193  -0.282671
  1.300438   3.067579  -2.220327
  1.662657   3.916840  -2.850129
  1.017152   0.545071  -0.057577
 -2.987436 -11.383655   6.537083
  0.020097   2.342003  -0.083497
 -0.404513   0.564235  -1.306310
  0.225297   0.177560   0.025732
 -0.127144  -0.356728   0.138389
    6    3  0.0000  0.0000  1.0000
  0.105007   0.181881   0.655564
 -0.138256  -0.239450   0.147575
 -1.506398  -2.485256   2.289214
 -1.399105  -2.547223   2.289222
  0.081722   0.026123  -0.320642
  3.774179   6.537027  -8.419916
 -0.018242   0.083832  -0.320641
  0.674450  -1.444592   1.703078
  0.014932   0.025860   0.273478
 -1.588288  -0.138201   1.703069
    7    1  1.0000  0.0000  0.0000
  1.303110   0.425340   0.057337
  0.639797   0.281183  -0.163187
  1.356799  -0.810070  -0.918321
  2.206136  -2.152993  -2.009131
  1.743129  -1.057618  -0.063137
 -0.053920   0.020285  -0.018302
 -7.933685   2.987536   3.774273
 -0.049817   0.658776   0.913959
  0.871124  -0.127161  -1.588334
 -0.082674  -0.225278   0.014843
    7    2  0.0000  1.0000  0.0000
  0.425412   0.811881  -0.099316
  0.281145   0.315175   0.282653
 -1.662649   3.916804   2.850112
 -1.300435   3.067571   2.220338
 -1.017151   0.545046   0.057576
 -0.020100   2.341976   0.083495
  2.987440 -11.383463  -6.537039
  0.404506   0.564215   1.306305
  0.127145  -0.356747  -0.138400
 -0.225314   0.177541  -0.025724
    7    3  0.0000  0.0000  1.0000
  0.105005  -0.181882   0.655534
 -0.138250   0.239458   0.147547
 -1.399098   2.547199   2.289184
 -1.506410   2.485263   2.289191
  0.081725  -0.026124  -0.320667
 -0.018235  -0.083833  -0.320666
  3.774165  -6.537016  -8.419676
  0.674452   1.444590   1.703058
 -1.588293   0.138205   1.703048
  0.014940  -0.025860   0.273448
    8    1  1.0000  0.0000  0.0000
  0.152661   0.000002   0.326503
  0.566226   0.000002  -0.114896
  4.347618  -0.064054   2.927409
  4.347634   0.064060   2.927421
  0.307684  -0.000025  -0.029703
 -0.049713  -0.404532   0.674361
 -0.049667   0.404555   0.674354
-13.108361   0.000007  -7.548284
  1.742980   1.017243   0.081418
  1.742940  -1.017258   0.081417
    8    2  0.0000  1.0000  0.0000
 -0.000002   0.802234  -0.000006
 -0.000004   1.547776  -0.000000
 -0.916737   0.926363  -0.629843
  0.916735   0.926370   0.629838
 -0.000004  -0.212616   0.000002
 -0.658672   0.564086  -1.444573
  0.658662   0.564095   1.444576
  0.000018  -6.208559   0.000017
  1.057648   0.545129   0.025804
 -1.057645   0.545122  -0.025815
    8    3  0.0000  0.0000  1.0000
  0.276483   0.000001   0.147594
 -0.210023   0.000004   0.655582
  2.905486  -0.061947   2.289225
  2.905503   0.061952   2.289234
 -0.029873  -0.000004   0.273490
  0.913821  -1.306390   1.703099
  0.913820   1.306393   1.703098
 -7.548243  -0.000009  -8.420083
 -0.063485  -0.057708  -0.320621
 -0.063488   0.057707  -0.320619
    9    1  1.0000  0.0000  0.0000
  0.639856  -0.281182  -0.163195
  1.303140  -0.425312   0.057338
  2.206184   2.152981  -2.009116
  1.356856   0.810063  -0.918318
 -0.049757  -0.658804   0.913978
 -0.082588   0.225297   0.014856
  0.871179   0.127182  -1.588276
  1.743145   1.057596  -0.063151
 -7.934171  -2.987517   3.774171
 -0.053845  -0.020305  -0.018287
    9    2  0.0000  1.0000  0.0000
 -0.281152   0.315217  -0.282652
 -0.425411   0.811925   0.099316
  1.300430   3.067610  -2.220323
  1.662653   3.916864  -2.850121
 -0.404514   0.564265  -1.306306
  0.225308   0.177583   0.025731
 -0.127145  -0.356697   0.138393
  1.017151   0.545089  -0.057575
 -2.987417 -11.383880   6.537030
  0.020097   2.342023  -0.083494
    9    3  0.0000  0.0000  1.0000
 -0.138244  -0.239445   0.147605
  0.105011   0.181884   0.655591
 -1.506389  -2.485247   2.289235
 -1.399098  -2.547213   2.289246
  0.674452  -1.444591   1.703107
  0.014933   0.025871   0.273500
 -1.588288  -0.138192   1.703099
  0.081725   0.026135  -0.320611
  3.774135   6.536959  -8.420161
 -0.018236   0.083839  -0.320612
   10    1  1.0000  0.0000  0.0000
  0.639817   0.281189  -0.163192
  1.303112   0.425321   0.057334
  1.356817  -0.810057  -0.918309
  2.206153  -2.152985  -2.009116
 -0.049800   0.658811   0.913981
  0.871143  -0.127171  -1.588277
 -0.082634  -0.225281   0.014852
  1.743108  -1.057591  -0.063157
 -0.053887   0.020311  -0.018286
 -7.933829   2.987452   3.774170
   10    2  0.0000  1.0000  0.0000
  0.281147   0.315187   0.282662
  0.425408   0.811901  -0.099307
 -1.662642   3.916814   2.850117
 -1.300433   3.067583   2.220340
  0.404516   0.564225   1.306309
  0.127147  -0.356736  -0.138392
 -0.225305   0.177549  -0.025732
 -1.017149   0.545057   0.057578
 -0.020099   2.341997   0.083494
  2.987410 -11.383576  -6.537068
   10    3  0.0000  0.0000  1.0000
 -0.138231   0.239436   0.147193
  0.105110  -0.182030   0.655375
 -1.399068   2.547090   2.289171
 -1.506319   2.485190   2.289178
  0.674608   1.444451   1.702914
 -1.588314   0.138048   1.702904
  0.014924  -0.025748   0.273390
  0.081616  -0.025828  -0.320661
 -0.018363  -0.083625  -0.320656
  3.774039  -6.536984  -8.418809
